241 60 279 103 0.931236
256 60 293 103 0.929562
269 60 306 103 0.928908
234 69 272 110 0.921500
281 67 318 109 0.932392
248 74 286 117 0.923377
261 74 299 117 0.923588
275 82 313 123 0.922644
221 87 259 130 0.922081
234 87 272 130 0.927767
255 87 293 130 0.934857
270 94 306 137 0.934735
283 95 319 137 0.931699
214 101 245 141 0.932731
227 101 259 143 0.930811
240 100 272 143 0.924252
254 100 286 143 0.934387
294 100 326 143 0.945735
308 100 338 140 0.937237
220 107 252 150 0.935351
261 107 293 150 0.939070
274 107 306 150 0.938784
287 107 319 150 0.938536
301 108 333 149 0.961065
207 116 237 155 0.932208
234 116 266 157 0.939609
247 116 279 157 0.942079
267 116 299 157 0.941190
281 116 313 157 0.939391
214 121 245 163 0.953096
294 121 326 164 0.940692
308 121 338 161 0.940612
220 129 252 170 0.938607
240 129 272 170 0.943790
254 129 286 170 0.944345
274 129 306 170 0.942324
287 129 319 170 0.939407
207 134 237 174 0.969980
265 134 299 177 0.943334
297 134 332 175 0.971121
212 143 245 182 0.958715
224 143 259 184 0.941937
241 143 279 184 0.943480
255 142 293 184 0.943693
275 142 313 184 0.942307
201 149 237 187 0.952076
288 147 325 189 0.944960
214 154 251 196 0.968970
228 155 266 197 0.946772
247 155 286 197 0.946659
267 155 306 197 0.945784
208 167 244 201 0.975965
221 167 259 203 0.969964
234 167 272 204 0.948182
255 167 293 204 0.947853
275 167 313 204 0.945332
288 167 326 204 0.954875
214 180 251 215 0.951233
228 180 266 217 0.947959
241 180 279 217 0.943317
255 180 293 217 0.941175
268 180 306 217 0.936900
281 180 319 217 0.930322
221 187 258 222 0.970772
248 187 286 224 0.937288
295 187 332 222 0.923302
228 195 266 230 0.943523
256 194 293 231 0.933452
275 194 313 231 0.930296
288 194 326 231 0.931663
241 200 279 237 0.941436
228 207 265 243 0.947320
249 208 286 244 0.940313
262 208 299 244 0.935092
277 208 313 244 0.932973
289 207 326 244 0.931665
236 214 272 251 0.930739
269 214 306 251 0.934374
250 220 286 257 0.941936
281 218 319 257 0.932278
236 227 272 264 0.938871
256 227 293 264 0.938867
275 227 313 264 0.934691
288 227 326 264 0.932551
248 234 286 271 0.941629
268 234 306 271 0.936586
295 234 333 271 0.932191
308 234 346 271 0.924749
322 234 359 270 0.960033
234 240 272 277 0.938122
281 240 313 277 0.936289
334 240 366 276 0.930527
361 240 392 276 0.949374
247 247 279 284 0.941434
261 247 293 284 0.940960
274 247 306 284 0.937924
287 247 319 284 0.936088
301 247 333 284 0.931794
314 247 346 284 0.930208
328 247 359 282 0.941831
354 247 385 283 0.928455
254 253 286 291 0.940753
267 254 299 291 0.939749
281 254 313 291 0.937059
294 254 326 291 0.933309
308 254 340 291 0.931231
322 254 353 290 0.956049
361 254 392 289 0.951319
375 254 407 291 0.924960
194 261 226 298 0.927721
247 261 279 298 0.938820
261 261 293 298 0.939161
273 261 306 298 0.937600
288 261 319 298 0.932902
301 261 333 298 0.931319
314 261 346 298 0.930836
328 261 359 296 0.971924
354 261 385 297 0.929141
368 260 400 298 0.928311
381 261 413 298 0.926688
395 261 427 298 0.929050
255 267 286 304 0.937173
280 268 313 304 0.933296
294 268 326 304 0.929460
321 268 352 303 0.948820
361 267 392 302 0.952105
388 267 420 304 0.927971
408 267 440 304 0.934302
153 274 183 309 0.948236
180 274 212 311 0.925209
194 274 226 311 0.928442
221 274 252 311 0.926136
234 274 266 311 0.932971
248 274 279 311 0.933885
261 274 293 311 0.936656
274 274 306 311 0.933415
287 274 319 311 0.929417
301 274 333 311 0.930464
314 274 346 311 0.930189
328 274 358 308 0.947471
368 274 400 311 0.930318
381 274 413 311 0.929302
395 274 427 311 0.930395
415 274 447 311 0.935221
428 274 460 311 0.926420
188 281 219 318 0.922227
200 281 232 318 0.921521
227 281 259 318 0.931319
240 281 272 318 0.933357
254 281 286 318 0.933944
267 281 299 318 0.932959
281 282 313 318 0.929726
294 281 326 318 0.931179
308 282 340 318 0.931654
321 282 352 317 0.964060
361 281 392 316 0.927699
375 282 407 318 0.930412
388 282 420 318 0.929439
401 281 433 318 0.933625
421 281 453 318 0.936773
220 288 252 324 0.926651
247 287 279 324 0.931978
274 287 306 324 0.929592
301 287 333 324 0.932927
368 287 400 324 0.932566
408 287 440 324 0.936436
428 287 460 324 0.938385
173 294 205 331 0.933450
187 294 219 331 0.933650
200 294 232 331 0.924913
227 294 259 331 0.927955
240 294 272 331 0.930875
254 294 286 331 0.930026
267 294 299 331 0.930384
281 294 313 331 0.931146
308 295 340 331 0.933447
321 295 352 330 0.938180
361 295 392 330 0.924798
375 295 407 331 0.932961
388 295 420 331 0.932358
402 295 433 331 0.935778
416 293 447 331 0.940641
435 295 467 331 0.936562
180 302 212 338 0.933093
194 302 226 338 0.934518
207 302 239 338 0.923975
220 300 252 338 0.922913
234 302 266 338 0.931168
247 302 279 338 0.930676
260 302 293 338 0.930544
274 302 306 338 0.930297
287 302 319 338 0.935729
301 301 333 338 0.936540
369 301 400 338 0.933545
382 301 413 338 0.933245
396 301 427 338 0.935669
409 301 440 338 0.940475
422 301 453 338 0.941590
443 301 474 338 0.925065
147 308 177 342 0.937142
187 308 219 345 0.933693
214 308 246 345 0.921461
227 308 259 345 0.923728
254 308 286 345 0.929257
267 308 299 345 0.928022
293 308 326 345 0.937864
309 308 340 345 0.938109
362 309 393 345 0.934512
376 309 407 345 0.933423
389 309 420 345 0.935476
402 309 433 345 0.940245
416 309 447 345 0.943420
428 309 460 345 0.939434
448 309 480 345 0.923598
160 314 191 350 0.925635
173 315 205 351 0.939645
194 315 226 351 0.929771
207 315 239 351 0.928252
234 314 266 351 0.921964
247 315 279 351 0.923967
275 315 306 351 0.951903
301 315 333 351 0.942363
315 315 346 351 0.938988
355 315 386 351 0.934718
369 314 400 351 0.935089
455 314 487 351 0.927242
181 320 219 358 0.922193
214 321 252 358 0.923481
255 321 293 358 0.940928
282 321 319 358 0.940065
321 321 360 358 0.937442
342 321 380 358 0.936417
373 322 407 358 0.937144
386 322 420 358 0.939415
399 322 433 358 0.942278
413 322 447 358 0.942695
426 322 460 358 0.938943
440 322 474 358 0.939566
126 328 163 361 0.941017
192 329 226 365 0.921853
205 328 239 365 0.937046
232 329 266 365 0.920208
265 329 299 365 0.943107
299 329 333 364 0.930879
313 329 346 365 0.927032
332 329 366 365 0.934709
352 329 386 365 0.937889
366 329 400 365 0.938298
449 328 487 365 0.940010
158 335 191 370 0.950658
171 335 205 371 0.939545
184 335 219 371 0.924922
221 335 259 371 0.920349
248 334 286 371 0.923260
321 334 360 371 0.938100
341 334 380 371 0.939244
374 334 413 371 0.940158
388 334 427 371 0.942292
402 332 440 371 0.922539
417 334 453 371 0.931115
433 335 467 371 0.956501
460 333 494 371 0.933173
126 341 163 375 0.920695
272 335 305 377 0.926309
292 335 326 378 0.924543
306 335 340 378 0.942307
358 334 393 378 0.940295
442 334 480 378 0.940430
178 341 212 385 0.935130
192 341 226 385 0.937558
205 341 239 385 0.940844
260 341 299 385 0.959098
315 341 353 385 0.939376
328 341 366 385 0.940493
348 341 386 385 0.941181
368 341 407 385 0.941396
394 342 433 384 0.951069
422 342 460 385 0.930635
463 342 500 385 0.936145
153 349 191 389 0.937965
166 347 205 391 0.934034
213 348 251 390 0.939782
227 348 266 391 0.932991
240 347 279 391 0.940105
339 347 373 391 0.941559
382 347 420 391 0.943125
409 348 447 391 0.923696
436 347 474 391 0.942553
449 347 487 391 0.941576
181 354 219 397 0.983074
194 354 231 396 0.988748
248 355 286 398 0.944378
295 354 333 398 0.939981
308 354 346 398 0.939945
322 354 360 398 0.941146
355 354 393 398 0.942586
469 355 506 397 0.936307
114 363 151 400 0.935378
127 362 164 400 0.974665
154 363 191 400 0.932632
221 363 258 400 0.958618
234 362 272 400 0.937469
261 361 299 400 0.964064
275 361 313 400 0.969567
342 361 380 400 0.974888
369 361 407 400 0.974784
389 361 426 400 0.976392
402 361 440 400 0.945534
415 362 453 400 0.956562
429 361 467 400 0.974079
442 361 480 400 0.973609
456 361 494 400 0.973697
237 67 290 127 0.922551
265 66 318 126 0.938532
226 87 271 145 0.927305
245 87 290 146 0.939852
264 87 309 146 0.934386
207 95 250 153 0.927574
283 95 328 155 0.953591
216 106 261 164 0.941909
235 106 281 165 0.940220
254 106 299 165 0.940952
273 106 318 165 0.940501
303 106 345 161 0.950691
205 115 250 171 0.942223
290 114 336 172 0.920275
214 131 261 183 0.956472
233 131 281 184 0.942997
252 131 299 184 0.943844
270 131 318 184 0.941459
205 141 250 189 0.974635
220 141 272 194 0.953224
284 141 335 190 0.942515
237 150 290 203 0.946901
256 150 309 203 0.946552
208 160 259 209 0.957628
227 160 280 212 0.956748
275 160 328 212 0.965617
237 169 290 222 0.947301
256 169 309 222 0.941441
208 179 259 228 0.961320
227 179 280 231 0.957684
275 179 327 230 0.928049
237 188 290 241 0.940701
256 188 309 241 0.929996
247 198 299 251 0.938638
267 198 318 251 0.931548
229 207 280 259 0.933136
245 217 290 268 0.958582
264 217 309 269 0.937972
283 216 328 269 0.929225
254 226 299 279 0.943009
273 226 318 279 0.936440
245 237 290 286 0.941518
264 237 309 288 0.940469
283 235 328 288 0.934893
302 236 347 288 0.922006
321 235 366 286 0.948700
254 245 299 298 0.941976
273 245 318 298 0.937638
246 256 290 306 0.930772
264 256 309 307 0.938382
284 256 328 307 0.930655
303 254 347 307 0.928456
321 256 365 304 0.944367
358 256 402 305 0.928458
189 266 233 317 0.925833
255 264 299 317 0.936337
273 264 318 317 0.930530
368 264 413 316 0.930233
387 264 432 317 0.927171
218 274 261 326 0.921475
236 274 280 326 0.931519
264 274 309 326 0.930819
283 274 328 326 0.928675
302 273 347 326 0.936793
321 275 365 324 0.933321
358 275 402 324 0.928773
377 275 422 326 0.927409
407 275 451 326 0.933359
181 285 224 336 0.920679
226 285 271 336 0.927386
246 282 290 336 0.930245
273 283 318 336 0.929857
387 283 441 336 0.934027
160 283 214 345 0.921008
189 283 243 345 0.923881
308 284 355 343 0.923732
366 283 413 345 0.931717
413 283 460 345 0.940604
214 293 261 355 0.926521
233 293 280 355 0.920788
252 293 299 355 0.930438
281 293 328 355 0.935166
379 293 433 355 0.936520
170 302 224 364 0.934082
199 302 252 364 0.922426
265 303 318 363 0.931561
293 302 347 363 0.938886
353 302 403 364 0.930360
394 302 441 364 0.942236
423 302 470 364 0.938876
152 313 205 373 0.922094
186 312 233 374 0.922351
309 312 356 373 0.934770
326 312 375 374 0.936732
368 312 423 374 0.938647
406 312 460 374 0.938035
435 312 489 374 0.932518
341 321 395 383 0.939052
388 321 441 383 0.938832
171 330 224 392 0.933376
190 330 243 391 0.931849
294 330 347 392 0.921346
313 330 367 392 0.939200
360 330 414 392 0.941032
417 330 470 392 0.940686
445 330 498 392 0.936567
208 340 261 400 0.969715
227 340 280 400 0.947466
246 341 299 400 0.942661
331 340 385 400 0.942064
379 340 432 400 0.941907
398 340 451 400 0.925904
152 350 204 400 0.973739
180 350 232 400 0.961086
265 349 318 400 0.975519
284 349 337 400 0.979490
303 348 356 400 0.988249
350 348 403 400 0.989412
426 348 479 400 0.988391
456 350 507 400 0.986515
248 68 316 153 0.921886
213 83 274 163 0.923005
250 106 317 180 0.930734
277 106 340 174 0.962772
195 119 259 187 0.953569
223 119 290 193 0.950786
202 133 274 203 0.967262
241 133 317 207 0.947117
267 133 340 201 0.949653
202 159 274 227 0.974168
229 159 303 232 0.955455
255 159 328 230 0.953977
242 174 317 247 0.935021
226 186 288 256 0.939971
266 185 328 258 0.921689
240 201 302 271 0.937985
253 213 317 287 0.944525
240 228 303 299 0.949704
266 227 330 300 0.934701
294 228 356 299 0.925859
254 240 317 314 0.939280
282 240 344 314 0.929277
296 241 370 326 0.933211
223 253 290 340 0.921949
263 253 330 340 0.928623
357 254 423 339 0.929744
170 267 237 354 0.930075
196 267 263 355 0.921077
242 267 317 354 0.939888
282 269 355 352 0.932819
375 267 451 354 0.936050
349 294 424 381 0.929454
389 294 464 381 0.926749
148 308 222 393 0.942066
242 308 317 394 0.920633
296 307 371 394 0.936850
322 307 397 395 0.932192
416 308 490 393 0.926758
175 319 249 400 0.983783
202 320 276 400 0.955175
269 320 343 400 0.956491
362 320 436 400 0.969854
443 325 514 400 0.922684
202 93 292 191 0.943146
240 94 332 195 0.943746
210 113 314 215 0.957010
188 131 291 227 0.968015
248 132 349 229 0.922021
210 151 313 251 0.962678
234 169 332 270 0.932661
259 191 352 308 0.931256
234 208 335 330 0.930081
135 288 237 400 0.937751
362 283 468 400 0.932950
191 80 330 210 0.978880
234 106 359 240 0.931107
213 133 331 264 0.947210
209 217 366 385 0.932351
