neg0.npy 0.005950, 0.994050, 1
neg1.npy 0.000746, 0.999254, 1
neg2.npy 0.001428, 0.998572, 1
neg3.npy 0.003779, 0.996221, 1
neg4.npy 0.011110, 0.988890, 1
neg5.npy 0.001597, 0.998403, 1
neg6.npy 0.011883, 0.988117, 1
neg7.npy 0.004030, 0.995970, 1
neg8.npy 0.011478, 0.988522, 1
neg9.npy 0.007247, 0.992753, 1
neg10.npy 0.008794, 0.991206, 1
neg11.npy 0.000565, 0.999435, 1
neg12.npy 0.000907, 0.999093, 1
neg13.npy 0.004967, 0.995033, 1
neg14.npy 0.005730, 0.994270, 1
neg15.npy 0.000711, 0.999289, 1
neg16.npy 0.116357, 0.883643, 1
neg17.npy 0.000931, 0.999069, 1
neg18.npy 0.004782, 0.995218, 1
neg19.npy 0.008715, 0.991285, 1
neg20.npy 0.003363, 0.996637, 1
neg21.npy 0.001921, 0.998079, 1
neg22.npy 0.009424, 0.990576, 1
neg23.npy 0.001167, 0.998833, 1
neg24.npy 0.031080, 0.968920, 1
neg25.npy 0.000680, 0.999320, 1
neg26.npy 0.002209, 0.997791, 1
neg27.npy 0.001016, 0.998984, 1
neg28.npy 0.003273, 0.996727, 1
neg29.npy 0.011314, 0.988686, 1
neg30.npy 0.237337, 0.762663, 1
neg32.npy 0.453808, 0.546192, 1
neg33.npy 0.125429, 0.874571, 1
neg35.npy 0.277118, 0.722882, 1
neg38.npy 0.137924, 0.862076, 1
pos28.npy 0.922467, 0.077533, 0
pos30.npy 0.850920, 0.149080, 0
pos31.npy 0.742573, 0.257427, 0
pos33.npy 0.754139, 0.245861, 0
pos35.npy 0.964488, 0.035512, 0
neg40.npy 0.184206, 0.815794, 1
neg41.npy 0.074573, 0.925427, 1
neg43.npy 0.256196, 0.743804, 1
neg44.npy 0.459356, 0.540644, 1
neg45.npy 0.138700, 0.861300, 1
neg46.npy 0.278247, 0.721753, 1
neg47.npy 0.121362, 0.878638, 1
neg48.npy 0.198809, 0.801191, 1
pos36.npy 0.706512, 0.293488, 0
pos39.npy 0.646670, 0.353330, 0
pos41.npy 0.699944, 0.300056, 0
pos47.npy 0.714299, 0.285701, 0
pos48.npy 0.736705, 0.263295, 0
pos50.npy 0.920843, 0.079157, 0
neg50.npy 0.082498, 0.917502, 1
neg51.npy 0.001059, 0.998941, 1
neg52.npy 0.016940, 0.983060, 1
neg53.npy 0.032226, 0.967774, 1
neg54.npy 0.000792, 0.999208, 1
neg55.npy 0.009166, 0.990834, 1
neg56.npy 0.005641, 0.994359, 1
neg57.npy 0.000974, 0.999026, 1
neg58.npy 0.000357, 0.999643, 1
neg59.npy 0.003491, 0.996509, 1
pos52.npy 0.613349, 0.386651, 0
pos54.npy 0.760132, 0.239868, 0
pos55.npy 0.743393, 0.256607, 0
neg60.npy 0.253237, 0.746763, 1
neg62.npy 0.206221, 0.793779, 1
neg63.npy 0.497020, 0.502980, 1
neg66.npy 0.411533, 0.588467, 1
neg67.npy 0.187149, 0.812851, 1
neg70.npy 0.005415, 0.994585, 1
neg71.npy 0.006604, 0.993396, 1
neg72.npy 0.002069, 0.997931, 1
neg73.npy 0.002141, 0.997859, 1
neg75.npy 0.000796, 0.999204, 1
neg76.npy 0.002376, 0.997624, 1
neg77.npy 0.001021, 0.998979, 1
neg78.npy 0.001844, 0.998156, 1
neg79.npy 0.008167, 0.991833, 1
pos63.npy 0.505337, 0.494663, 0
pos64.npy 0.865624, 0.134376, 0
neg80.npy 0.011500, 0.988500, 1
neg81.npy 0.012001, 0.987999, 1
neg82.npy 0.000072, 0.999928, 1
neg83.npy 0.000280, 0.999720, 1
neg84.npy 0.019039, 0.980961, 1
neg85.npy 0.011675, 0.988325, 1
neg86.npy 0.000403, 0.999597, 1
neg87.npy 0.001465, 0.998535, 1
neg88.npy 0.003076, 0.996924, 1
neg89.npy 0.001651, 0.998349, 1
pos69.npy 0.810529, 0.189471, 0
pos70.npy 0.915944, 0.084057, 0
pos71.npy 0.888403, 0.111597, 0
neg90.npy 0.202456, 0.797544, 1
neg91.npy 0.022991, 0.977009, 1
neg92.npy 0.012022, 0.987978, 1
neg93.npy 0.000579, 0.999421, 1
neg94.npy 0.031376, 0.968624, 1
neg95.npy 0.211928, 0.788072, 1
neg96.npy 0.028109, 0.971891, 1
neg97.npy 0.478985, 0.521015, 1
neg98.npy 0.025981, 0.974019, 1
neg99.npy 0.200450, 0.799550, 1
pos76.npy 0.762962, 0.237039, 0
neg100.npy 0.290437, 0.709563, 1
neg103.npy 0.182579, 0.817421, 1
neg104.npy 0.262279, 0.737721, 1
neg107.npy 0.453151, 0.546849, 1
neg110.npy 0.358096, 0.641904, 1
neg114.npy 0.026117, 0.973883, 1
neg116.npy 0.335277, 0.664723, 1
pos97.npy 0.702972, 0.297028, 0
pos98.npy 0.528292, 0.471708, 0
pos102.npy 0.610471, 0.389529, 0
pos103.npy 0.764692, 0.235308, 0
neg120.npy 0.057113, 0.942887, 1
neg121.npy 0.113593, 0.886407, 1
neg122.npy 0.027702, 0.972298, 1
neg123.npy 0.442858, 0.557142, 1
neg124.npy 0.080417, 0.919583, 1
neg125.npy 0.221827, 0.778173, 1
neg126.npy 0.140894, 0.859106, 1
neg127.npy 0.067459, 0.932541, 1
neg128.npy 0.032235, 0.967765, 1
neg129.npy 0.008979, 0.991021, 1
pos107.npy 0.742069, 0.257931, 0
neg130.npy 0.249406, 0.750594, 1
neg131.npy 0.002443, 0.997557, 1
neg132.npy 0.021051, 0.978949, 1
neg133.npy 0.006009, 0.993991, 1
neg134.npy 0.000756, 0.999244, 1
neg135.npy 0.083365, 0.916635, 1
neg136.npy 0.001553, 0.998447, 1
neg137.npy 0.011613, 0.988387, 1
neg138.npy 0.002744, 0.997256, 1
neg139.npy 0.003323, 0.996677, 1
pos119.npy 0.853975, 0.146025, 0
neg140.npy 0.032406, 0.967594, 1
neg141.npy 0.004301, 0.995700, 1
neg142.npy 0.174027, 0.825973, 1
neg143.npy 0.007737, 0.992263, 1
neg144.npy 0.001667, 0.998333, 1
neg145.npy 0.000359, 0.999641, 1
neg146.npy 0.009230, 0.990770, 1
neg147.npy 0.002813, 0.997187, 1
neg148.npy 0.093981, 0.906019, 1
neg149.npy 0.001299, 0.998701, 1
pos126.npy 0.623831, 0.376168, 0
neg150.npy 0.486276, 0.513724, 1
neg151.npy 0.164381, 0.835619, 1
neg152.npy 0.298101, 0.701899, 1
neg153.npy 0.055953, 0.944047, 1
neg154.npy 0.013015, 0.986985, 1
neg155.npy 0.014668, 0.985332, 1
neg156.npy 0.022611, 0.977389, 1
neg157.npy 0.048521, 0.951479, 1
neg158.npy 0.072263, 0.927737, 1
neg160.npy 0.419020, 0.580980, 1
neg161.npy 0.028881, 0.971119, 1
neg162.npy 0.020369, 0.979631, 1
neg163.npy 0.317953, 0.682047, 1
neg164.npy 0.045877, 0.954123, 1
neg165.npy 0.431056, 0.568944, 1
neg166.npy 0.017202, 0.982798, 1
neg167.npy 0.148929, 0.851071, 1
neg168.npy 0.058982, 0.941018, 1
neg169.npy 0.022466, 0.977534, 1
neg170.npy 0.484033, 0.515967, 1
neg171.npy 0.095599, 0.904401, 1
neg172.npy 0.021918, 0.978082, 1
neg173.npy 0.457181, 0.542819, 1
neg175.npy 0.071564, 0.928436, 1
neg177.npy 0.041894, 0.958106, 1
neg178.npy 0.033237, 0.966763, 1
neg179.npy 0.034725, 0.965275, 1
pos140.npy 0.877751, 0.122250, 0
pos143.npy 0.773738, 0.226262, 0
pos144.npy 0.700249, 0.299751, 0
pos148.npy 0.546468, 0.453532, 0
neg181.npy 0.026517, 0.973483, 1
neg182.npy 0.240740, 0.759260, 1
neg183.npy 0.013697, 0.986303, 1
neg185.npy 0.167439, 0.832561, 1
neg186.npy 0.441130, 0.558870, 1
neg188.npy 0.016329, 0.983671, 1
pos154.npy 0.675016, 0.324984, 0
neg191.npy 0.002388, 0.997612, 1
neg192.npy 0.063745, 0.936255, 1
neg193.npy 0.023661, 0.976339, 1
neg194.npy 0.009992, 0.990008, 1
neg196.npy 0.029447, 0.970553, 1
neg197.npy 0.024383, 0.975617, 1
neg198.npy 0.009461, 0.990539, 1
pos158.npy 0.609036, 0.390964, 0
pos159.npy 0.544926, 0.455074, 0
pos160.npy 0.803601, 0.196399, 0
pos162.npy 0.556051, 0.443949, 0
pos164.npy 0.634951, 0.365049, 0
neg201.npy 0.146827, 0.853173, 1
neg202.npy 0.211780, 0.788220, 1
neg203.npy 0.132226, 0.867774, 1
neg204.npy 0.031499, 0.968501, 1
neg205.npy 0.030696, 0.969304, 1
neg206.npy 0.020735, 0.979265, 1
neg207.npy 0.024231, 0.975769, 1
neg208.npy 0.047675, 0.952325, 1
neg209.npy 0.459861, 0.540139, 1
pos166.npy 0.909024, 0.090976, 0
neg215.npy 0.343817, 0.656183, 1
neg216.npy 0.126187, 0.873813, 1
neg219.npy 0.268580, 0.731420, 1
pos172.npy 0.743804, 0.256196, 0
neg220.npy 0.014352, 0.985648, 1
neg221.npy 0.018354, 0.981646, 1
neg222.npy 0.001634, 0.998366, 1
neg223.npy 0.051367, 0.948633, 1
neg224.npy 0.014648, 0.985352, 1
neg225.npy 0.002955, 0.997045, 1
neg226.npy 0.023701, 0.976299, 1
neg227.npy 0.016176, 0.983824, 1
neg228.npy 0.015000, 0.985000, 1
pos177.npy 0.868015, 0.131985, 0
pos178.npy 0.878201, 0.121799, 0
pos180.npy 0.887149, 0.112851, 0
pos181.npy 0.941896, 0.058104, 0
pos183.npy 0.726939, 0.273061, 0
pos184.npy 0.909198, 0.090802, 0
neg233.npy 0.176877, 0.823123, 1
neg234.npy 0.426087, 0.573913, 1
neg236.npy 0.138948, 0.861052, 1
neg238.npy 0.031959, 0.968041, 1
neg240.npy 0.034059, 0.965941, 1
neg241.npy 0.120337, 0.879663, 1
neg244.npy 0.029895, 0.970105, 1
neg246.npy 0.030027, 0.969973, 1
neg248.npy 0.242595, 0.757405, 1
neg249.npy 0.479024, 0.520976, 1
pos190.npy 0.751449, 0.248551, 0
pos191.npy 0.842242, 0.157757, 0
pos193.npy 0.799108, 0.200892, 0
neg250.npy 0.033568, 0.966432, 1
neg251.npy 0.031711, 0.968289, 1
neg252.npy 0.187162, 0.812838, 1
neg253.npy 0.014602, 0.985398, 1
neg255.npy 0.259855, 0.740145, 1
neg256.npy 0.070413, 0.929587, 1
neg257.npy 0.265494, 0.734506, 1
neg258.npy 0.016996, 0.983004, 1
